device = device(type='cuda', index=1)
Epoch	train_loss	Bth Train Error	test_loss	Bth Test Error	Bth Exp Data Error	time
0	0.054422	0.2727	0.038302	0.1539	22.3999	355.92
1	0.008512	0.0760	0.004197	0.0569	24.1579	357.16
2	0.004100	0.0490	0.002970	0.0410	23.0810	357.50
3	0.003076	0.0406	0.002601	0.0401	20.0543	357.81
4	0.002464	0.0354	0.002959	0.0350	23.1242	357.53
5	0.002157	0.0320	0.001843	0.0278	22.4514	357.21
6	0.001856	0.0293	0.001908	0.0276	12.9025	357.56
7	0.001768	0.0284	0.001685	0.0269	16.0800	357.49
8	0.001689	0.0272	0.001616	0.0328	20.9342	363.99
9	0.001594	0.0263	0.001596	0.0252	16.3944	372.42
10	0.001454	0.0247	0.001421	0.0243	15.4511	372.25
11	0.001472	0.0244	0.001342	0.0226	22.1555	372.52
12	0.001407	0.0237	0.001372	0.0231	18.0535	372.51
13	0.001413	0.0236	0.001560	0.0229	15.2711	372.04
14	0.001348	0.0228	0.001239	0.0216	17.7961	371.95
15	0.001318	0.0223	0.001209	0.0203	17.5111	372.47
16	0.001322	0.0224	0.001314	0.0207	12.3326	372.51
17	0.001276	0.0215	0.001186	0.0196	15.2711	372.29
18	0.001252	0.0216	0.001451	0.0215	19.5962	372.54
19	0.001254	0.0214	0.001152	0.0208	20.4745	372.44
20	0.001221	0.0208	0.001147	0.0203	13.5879	372.38
21	0.001230	0.0206	0.001134	0.0189	17.9678	372.27
22	0.001236	0.0205	0.001376	0.0199	17.6908	361.10
23	0.001204	0.0204	0.001104	0.0197	16.8615	357.18
24	0.001204	0.0202	0.001105	0.0192	14.6623	356.61
25	0.001200	0.0201	0.001259	0.0198	15.6801	356.84
26	0.001183	0.0199	0.001127	0.0188	11.5844	356.63
27	0.001137	0.0195	0.001183	0.0199	13.5846	356.70
28	0.001161	0.0197	0.001046	0.0176	14.0773	357.31
29	0.001168	0.0196	0.001201	0.0188	14.0324	356.89
30	0.001137	0.0190	0.001408	0.0187	13.2969	356.79
31	0.001135	0.0190	0.001036	0.0176	12.8337	356.99
32	0.001120	0.0190	0.001131	0.0194	15.8129	357.03
33	0.001115	0.0188	0.001083	0.0192	15.2923	356.79
34	0.001153	0.0191	0.001122	0.0185	10.6151	356.70
35	0.001135	0.0191	0.001220	0.0210	10.7000	356.04
36	0.001123	0.0188	0.001000	0.0184	14.8016	356.50
37	0.001113	0.0186	0.001137	0.0179	15.3654	356.54
38	0.001077	0.0182	0.000972	0.0158	15.2145	356.27
39	0.001067	0.0182	0.001048	0.0179	14.5775	356.80
40	0.001101	0.0184	0.001014	0.0173	13.9627	356.79
41	0.001089	0.0182	0.001099	0.0175	9.6693	356.79
42	0.001072	0.0180	0.001034	0.0170	16.4530	356.74
43	0.001093	0.0182	0.000996	0.0166	12.9999	356.89
44	0.001051	0.0178	0.001166	0.0191	19.2675	356.62
45	0.001063	0.0178	0.001014	0.0196	11.7553	356.87
46	0.001056	0.0177	0.001003	0.0175	11.7873	356.68
47	0.001030	0.0175	0.001200	0.0176	9.5380	356.30
48	0.001048	0.0177	0.000994	0.0170	12.1027	356.68
49	0.001068	0.0176	0.001008	0.0200	13.5597	356.74
50	0.001039	0.0176	0.001023	0.0184	14.8360	356.63
51	0.001035	0.0175	0.001025	0.0170	11.4006	356.40
52	0.001031	0.0173	0.001099	0.0170	9.7513	356.68
53	0.001046	0.0174	0.001084	0.0182	14.7070	356.73
54	0.001043	0.0174	0.000978	0.0174	10.8586	356.81
55	0.001031	0.0173	0.000996	0.0161	13.6404	356.67
56	0.000991	0.0169	0.000997	0.0170	12.4458	356.44
57	0.001015	0.0171	0.001066	0.0165	13.9797	357.46
58	0.001024	0.0172	0.001024	0.0191	12.3620	357.06
59	0.000998	0.0170	0.000982	0.0160	13.6488	357.38
60	0.001041	0.0172	0.001062	0.0166	10.2386	357.33
61	0.001048	0.0172	0.000966	0.0159	13.2516	357.03
62	0.001047	0.0172	0.000954	0.0159	13.1099	357.40
63	0.001001	0.0169	0.001067	0.0161	11.9358	356.99
64	0.001040	0.0169	0.001028	0.0165	10.1154	356.93
65	0.001048	0.0171	0.001101	0.0169	15.0281	357.29
66	0.001011	0.0168	0.001000	0.0188	10.1853	356.97
67	0.001013	0.0169	0.001103	0.0157	9.2981	357.24
68	0.001027	0.0168	0.001052	0.0222	11.7342	356.87
69	0.001009	0.0169	0.001036	0.0165	14.7387	357.45
70	0.001010	0.0169	0.001142	0.0171	17.4791	357.38
71	0.001039	0.0170	0.000915	0.0156	17.0514	357.04
72	0.001041	0.0170	0.001020	0.0176	13.0183	357.33
73	0.000991	0.0167	0.001122	0.0161	10.7038	357.08
74	0.000999	0.0168	0.000972	0.0166	12.4077	357.28
75	0.001030	0.0167	0.001009	0.0159	13.2303	356.99
76	0.001013	0.0166	0.000998	0.0158	12.3935	356.98
77	0.001001	0.0166	0.000896	0.0158	12.4061	357.17
78	0.000998	0.0166	0.001096	0.0162	15.2218	356.87
79	0.000971	0.0165	0.001003	0.0156	10.4595	356.80
80	0.000983	0.0166	0.001101	0.0171	12.4651	356.71
81	0.001011	0.0165	0.000985	0.0163	6.5629	356.75
82	0.001008	0.0166	0.001039	0.0157	13.2407	356.73
83	0.000989	0.0164	0.000943	0.0166	11.8579	356.92
84	0.000992	0.0164	0.000962	0.0162	12.1366	356.61
85	0.001018	0.0167	0.001048	0.0176	16.1079	357.12
86	0.000976	0.0162	0.001098	0.0175	16.5934	357.33
87	0.000975	0.0162	0.001096	0.0197	17.9084	357.09
88	0.000987	0.0166	0.000936	0.0163	9.9296	357.18
89	0.000965	0.0162	0.000904	0.0157	6.7876	357.24
90	0.001005	0.0164	0.000910	0.0156	14.3297	356.58
91	0.000974	0.0162	0.000926	0.0158	11.5187	357.15
92	0.000964	0.0161	0.001027	0.0149	13.3912	356.89
93	0.001003	0.0164	0.000919	0.0167	16.0974	357.19
94	0.000994	0.0163	0.001013	0.0168	15.5890	356.98
95	0.000961	0.0161	0.001038	0.0170	10.3217	357.10
96	0.001008	0.0165	0.000945	0.0156	15.6498	357.27
97	0.000970	0.0160	0.000913	0.0151	14.7051	356.96
98	0.001002	0.0164	0.000956	0.0157	17.0973	357.86
99	0.000993	0.0164	0.000941	0.0158	12.3018	357.05
100	0.000971	0.0163	0.000951	0.0178	10.4473	356.32
101	0.001003	0.0163	0.000994	0.0169	14.2618	356.72
102	0.001002	0.0163	0.000921	0.0152	16.2543	356.94
103	0.000989	0.0163	0.000970	0.0175	15.1153	356.88
104	0.000993	0.0164	0.001051	0.0167	15.0581	357.02
105	0.001016	0.0164	0.000990	0.0150	17.0650	357.52
106	0.000990	0.0162	0.000928	0.0152	20.9013	357.57
107	0.000987	0.0162	0.000954	0.0180	14.6517	357.40
108	0.000980	0.0162	0.000921	0.0145	17.7801	357.53
109	0.000954	0.0160	0.000971	0.0166	13.7939	356.98
110	0.000961	0.0160	0.000993	0.0158	11.9959	356.96
111	0.000979	0.0162	0.000958	0.0200	14.8581	357.54
112	0.001008	0.0165	0.000878	0.0149	13.7999	357.11
113	0.000996	0.0162	0.000906	0.0151	15.1035	357.05
114	0.000979	0.0161	0.000876	0.0149	15.5424	356.85
115	0.000969	0.0160	0.000915	0.0157	17.4280	356.92
116	0.000986	0.0161	0.000938	0.0153	12.6329	356.78
117	0.000928	0.0156	0.000974	0.0152	8.3587	356.88
118	0.000990	0.0161	0.001022	0.0168	11.6750	356.95
119	0.000959	0.0161	0.001029	0.0152	15.0166	357.21
120	0.000952	0.0160	0.000997	0.0156	18.2427	356.74
121	0.000954	0.0160	0.000986	0.0153	14.2297	357.30
122	0.000947	0.0156	0.000966	0.0149	20.0616	356.82
123	0.000957	0.0158	0.000918	0.0156	15.8290	356.37
124	0.000981	0.0158	0.000992	0.0182	10.4446	357.11
125	0.000964	0.0159	0.000962	0.0151	14.3395	357.71
126	0.000935	0.0156	0.001014	0.0164	11.6538	357.62
127	0.001030	0.0166	0.001074	0.0162	8.2122	357.52
128	0.000967	0.0158	0.001065	0.0158	11.6974	357.49
129	0.000967	0.0158	0.000901	0.0150	16.8148	357.87
130	0.000946	0.0158	0.000914	0.0144	16.4606	357.01
131	0.000978	0.0157	0.000911	0.0147	15.4024	356.69
132	0.000961	0.0158	0.001076	0.0202	15.9502	356.94
133	0.000946	0.0157	0.000964	0.0184	19.6347	356.95
134	0.000965	0.0157	0.000950	0.0146	15.9765	357.03
135	0.000995	0.0160	0.000945	0.0167	14.4419	357.12
136	0.000960	0.0159	0.001031	0.0170	15.5479	357.46
137	0.000952	0.0157	0.000955	0.0166	13.9227	357.26
138	0.000948	0.0156	0.000939	0.0157	15.6871	356.99
139	0.000984	0.0158	0.000932	0.0162	14.0046	356.97
140	0.000944	0.0157	0.000941	0.0165	14.0920	356.78
141	0.000972	0.0158	0.001016	0.0166	13.0109	356.93
142	0.000969	0.0159	0.000917	0.0143	15.1019	356.72
143	0.000953	0.0156	0.000909	0.0147	15.2614	356.52
144	0.000919	0.0155	0.000975	0.0150	12.9681	356.82
145	0.000971	0.0158	0.000943	0.0161	16.6109	356.89
146	0.000968	0.0158	0.000892	0.0168	18.0001	356.92
147	0.000959	0.0157	0.001074	0.0160	17.3588	356.89
148	0.000993	0.0157	0.000922	0.0158	16.9414	356.35
149	0.000906	0.0153	0.000955	0.0169	15.5537	357.21
150	0.000951	0.0157	0.000929	0.0152	20.8515	356.72
151	0.000973	0.0159	0.000891	0.0184	16.5824	356.77
152	0.000918	0.0154	0.000952	0.0166	17.1791	356.98
153	0.000950	0.0156	0.000945	0.0152	14.1743	356.67
154	0.000955	0.0156	0.000933	0.0156	17.1058	357.27
155	0.000924	0.0155	0.000901	0.0146	15.1741	357.07
156	0.000951	0.0160	0.000944	0.0157	17.9822	356.64
157	0.000942	0.0155	0.001136	0.0165	8.7107	356.70
158	0.000931	0.0152	0.000996	0.0170	11.7367	356.54
159	0.000942	0.0156	0.000953	0.0161	16.5846	356.87
160	0.000942	0.0156	0.000915	0.0138	16.3734	356.92
161	0.000972	0.0156	0.000954	0.0146	11.8781	356.45
162	0.000976	0.0158	0.000892	0.0172	15.0510	356.27
163	0.000923	0.0154	0.000927	0.0148	15.3904	356.55
164	0.000937	0.0157	0.000963	0.0152	18.0042	356.34
165	0.000963	0.0157	0.000946	0.0169	19.0033	356.04
166	0.000930	0.0156	0.000896	0.0143	19.1643	356.22
167	0.000953	0.0155	0.000940	0.0145	15.4613	356.17
168	0.000926	0.0155	0.000975	0.0147	18.2462	356.01
169	0.000952	0.0158	0.000924	0.0166	14.1296	356.83
170	0.000939	0.0155	0.000913	0.0153	13.7676	357.29
171	0.000936	0.0155	0.001020	0.0155	12.3031	357.27
172	0.000935	0.0155	0.000889	0.0142	18.0207	357.53
173	0.000966	0.0157	0.000907	0.0144	13.7023	357.37
174	0.000932	0.0154	0.000911	0.0152	18.6704	357.25
175	0.000965	0.0157	0.001097	0.0164	15.7099	357.18
176	0.000945	0.0157	0.000867	0.0145	11.5470	356.77
177	0.000952	0.0156	0.000895	0.0144	14.6217	356.39
178	0.000977	0.0158	0.000933	0.0143	11.9224	356.75
179	0.000911	0.0153	0.000859	0.0137	12.2440	356.45
180	0.000950	0.0157	0.000893	0.0149	12.8255	356.63
181	0.000955	0.0159	0.001220	0.0199	9.6129	357.26
182	0.000955	0.0159	0.000923	0.0151	11.0515	357.05
183	0.000975	0.0159	0.000897	0.0149	15.2668	356.54
184	0.000948	0.0156	0.000908	0.0159	16.4305	356.72
185	0.000937	0.0155	0.000896	0.0137	12.8997	356.77
186	0.000959	0.0157	0.000960	0.0154	13.8580	356.83
187	0.000951	0.0158	0.000937	0.0151	10.3507	356.49
188	0.000954	0.0158	0.000917	0.0144	14.4105	356.84
189	0.000958	0.0155	0.000966	0.0248	11.9225	356.68
190	0.000940	0.0155	0.000882	0.0144	14.7518	356.95
191	0.000954	0.0155	0.000835	0.0138	12.2489	356.56
192	0.000941	0.0154	0.000877	0.0142	19.8085	356.99
193	0.000943	0.0154	0.000941	0.0147	11.5034	356.42
194	0.000954	0.0156	0.000967	0.0154	18.1499	357.05
195	0.000931	0.0156	0.000970	0.0157	14.6129	356.87
196	0.000932	0.0154	0.000889	0.0149	14.0011	357.06
197	0.000963	0.0154	0.000947	0.0147	16.1216	356.99
198	0.000957	0.0156	0.000977	0.0169	15.4187	357.00
199	0.000932	0.0154	0.000890	0.0143	15.6750	356.45
200	0.000947	0.0156	0.000961	0.0171	15.6204	356.79
201	0.000955	0.0155	0.000907	0.0182	16.8944	356.47
202	0.000938	0.0156	0.001020	0.0151	13.9159	356.85
203	0.000957	0.0158	0.000941	0.0175	15.5849	356.51
204	0.000969	0.0157	0.000935	0.0149	15.0652	357.19
205	0.000970	0.0157	0.001004	0.0179	17.6053	356.40
206	0.000930	0.0154	0.000911	0.0149	20.5612	356.90
207	0.000975	0.0158	0.000940	0.0145	16.8561	356.58
208	0.000904	0.0152	0.000869	0.0136	20.3466	356.91
209	0.000970	0.0155	0.000940	0.0158	15.2758	356.62
210	0.000932	0.0155	0.000939	0.0147	16.6143	356.67
211	0.000927	0.0153	0.000901	0.0147	17.8824	356.89
212	0.000918	0.0152	0.000907	0.0144	17.7181	356.81
213	0.000930	0.0153	0.000932	0.0163	19.2115	356.54
214	0.000944	0.0153	0.000908	0.0168	14.5641	356.41
215	0.000904	0.0152	0.000962	0.0172	17.8678	356.46
216	0.000928	0.0152	0.000888	0.0145	14.4219	356.21
217	0.000960	0.0155	0.000966	0.0152	19.5252	357.02
218	0.000930	0.0154	0.000930	0.0149	12.9194	356.61
219	0.000978	0.0157	0.000911	0.0185	13.9123	357.10
220	0.000920	0.0153	0.001034	0.0154	14.4065	357.18
221	0.000930	0.0152	0.000935	0.0169	17.1670	357.48
222	0.000948	0.0154	0.001100	0.0163	14.2424	356.98
223	0.000927	0.0153	0.000947	0.0153	17.9998	357.34
224	0.000934	0.0153	0.000922	0.0142	14.1591	356.52
225	0.000943	0.0155	0.000919	0.0146	16.0462	356.93
226	0.000907	0.0150	0.001003	0.0149	18.9107	357.11
227	0.000927	0.0151	0.000982	0.0179	12.2890	357.27
228	0.000954	0.0154	0.000957	0.0158	18.1089	356.61
229	0.000948	0.0155	0.000929	0.0142	16.3577	357.03
230	0.000923	0.0154	0.000982	0.0154	14.6407	357.21
231	0.000940	0.0154	0.000940	0.0160	16.4859	357.04
232	0.000946	0.0154	0.000914	0.0174	15.6687	356.58
233	0.000955	0.0155	0.000936	0.0152	16.8232	356.82
234	0.000941	0.0155	0.000907	0.0160	17.8329	356.59
235	0.000924	0.0153	0.001036	0.0157	8.2542	356.75
236	0.000955	0.0154	0.000943	0.0142	10.4891	356.43
237	0.000940	0.0155	0.000917	0.0159	16.4360	356.56
238	0.000917	0.0153	0.000946	0.0142	14.7130	356.75
239	0.000944	0.0153	0.000926	0.0149	18.2388	356.82
240	0.000930	0.0156	0.000874	0.0149	18.6395	356.86
241	0.000946	0.0155	0.000927	0.0164	19.9190	356.73
242	0.000926	0.0154	0.000880	0.0150	18.0801	356.53
243	0.000955	0.0154	0.000945	0.0167	16.1322	356.65
244	0.000909	0.0151	0.000911	0.0143	17.8548	356.84
245	0.000926	0.0151	0.000885	0.0141	17.0200	356.74
246	0.000870	0.0148	0.000942	0.0164	17.4606	357.39
247	0.000940	0.0153	0.000865	0.0139	13.9731	356.69
248	0.000940	0.0153	0.000890	0.0142	12.0553	356.68
249	0.000953	0.0155	0.000958	0.0147	11.9275	356.92
250	0.000941	0.0154	0.000908	0.0142	17.6010	356.47
251	0.000932	0.0151	0.000906	0.0155	12.0523	357.46
252	0.000919	0.0151	0.001077	0.0169	11.6863	356.59
253	0.000957	0.0155	0.000883	0.0173	16.8282	356.87
254	0.000952	0.0152	0.000985	0.0147	14.5704	356.35
255	0.000903	0.0151	0.000886	0.0150	22.0905	356.96
256	0.000917	0.0152	0.000978	0.0156	14.1726	356.45
257	0.000919	0.0152	0.000940	0.0157	22.0764	356.80
258	0.000948	0.0153	0.000903	0.0145	16.5157	356.75
259	0.000918	0.0152	0.000931	0.0147	18.3202	356.87
260	0.000917	0.0153	0.000947	0.0157	15.3129	357.06
261	0.000926	0.0150	0.000957	0.0170	17.8584	356.54
262	0.000933	0.0151	0.000938	0.0144	11.5859	356.70
263	0.000925	0.0151	0.000891	0.0158	14.9097	356.88
264	0.001004	0.0156	0.000889	0.0141	17.7082	356.95
265	0.000920	0.0151	0.000893	0.0148	19.2572	356.88
266	0.000878	0.0148	0.000905	0.0152	14.0270	356.31
267	0.000926	0.0150	0.000956	0.0144	16.7230	356.62
268	0.000913	0.0150	0.000897	0.0143	12.8042	356.85
269	0.000949	0.0154	0.000947	0.0142	17.6977	356.52
270	0.000885	0.0149	0.000926	0.0154	12.9181	356.41
271	0.000946	0.0152	0.000916	0.0196	11.9345	357.01
272	0.000930	0.0153	0.000941	0.0144	12.5333	356.81
273	0.000950	0.0153	0.000936	0.0142	14.6829	356.70
274	0.000906	0.0151	0.000937	0.0144	14.4868	356.71
275	0.000945	0.0157	0.001024	0.0152	11.4090	357.26
276	0.000931	0.0152	0.000924	0.0151	13.9051	357.02
277	0.000897	0.0150	0.000911	0.0144	13.3243	356.93
278	0.000916	0.0151	0.000868	0.0134	13.2261	357.15
279	0.000909	0.0151	0.000869	0.0138	16.9807	356.94
280	0.000955	0.0154	0.000887	0.0170	12.5019	357.18
281	0.000924	0.0151	0.000908	0.0177	14.5447	356.67
282	0.000973	0.0157	0.000949	0.0180	14.7091	356.30
283	0.000969	0.0154	0.000890	0.0141	17.8264	356.96
284	0.000963	0.0154	0.000912	0.0161	10.4814	356.69
285	0.000954	0.0155	0.000904	0.0142	10.1919	356.28
286	0.000888	0.0151	0.000899	0.0140	10.6430	356.52
287	0.000938	0.0153	0.000972	0.0153	13.7524	356.64
288	0.000921	0.0152	0.000896	0.0142	9.7535	356.74
289	0.000937	0.0152	0.001241	0.0154	12.6736	357.15
290	0.000952	0.0154	0.000931	0.0156	10.6841	356.98
291	0.000937	0.0154	0.000869	0.0141	17.4384	356.44
292	0.000927	0.0152	0.000975	0.0148	17.6715	356.27
293	0.000915	0.0151	0.000938	0.0157	12.7904	356.69
294	0.000945	0.0154	0.000990	0.0187	13.2034	356.44
295	0.000929	0.0153	0.000908	0.0155	15.5658	356.50
296	0.000929	0.0155	0.001011	0.0202	12.3952	357.22
297	0.000958	0.0155	0.000924	0.0167	14.4676	357.22
298	0.000928	0.0154	0.001021	0.0150	15.0378	357.56
299	0.000929	0.0153	0.001065	0.0154	17.1682	357.09
epoch_best_accuracy = 279
epoch_best_loss = 192
