device = device(type='cuda')
Epoch	train_loss	train_err[0]	train_err[1]	train_err[2]	test_loss	test_err[0]	test_err[1]	test_err[2]	time
/home/sayko/.local/lib/python3.8/site-packages/scipy/optimize/minpack.py:833: OptimizeWarning: Covariance of the parameters could not be estimated
  warnings.warn('Covariance of the parameters could not be estimated',
1	3216.315328	0.1617	0.9138	24.0687	902.577488	0.0936	0.4408	25.2267	307.92
2	850.308255	0.1075	0.6214	21.4260	751.095394	0.0914	0.4570	21.2761	307.14
3	778.223989	0.1015	0.3718	21.1280	689.391729	0.0887	1.2866	20.2082	310.53
4	707.385281	0.0963	0.6929	20.8331	638.365690	0.0936	0.4162	19.9951	307.81
5	677.680844	0.0960	0.7394	20.4982	759.928784	0.0819	0.5856	20.9791	314.43
6	701.821506	0.0940	2.2772	20.6459	742.569687	0.0842	0.8637	21.2764	314.95
7	680.059810	0.0902	0.9785	20.7311	583.923463	0.0863	1.4241	19.1651	320.26
8	687.085910	0.0885	0.4285	20.6692	659.475818	0.0815	0.5202	19.8503	316.09
9	684.923646	0.0880	0.5945	20.4347	654.553627	0.0833	0.3779	20.1738	324.56
10	659.080854	0.0883	0.7499	20.2676	582.100665	0.0803	0.6467	19.5701	318.86
11	664.066700	0.0862	0.8352	20.4691	686.580335	0.0785	0.8856	20.2329	322.75
12	694.195352	0.0860	0.7084	20.7110	645.200158	0.0740	0.5358	20.3814	317.13
13	676.081355	0.0853	0.5544	20.5846	655.267869	0.0751	1.4130	20.6864	315.51
14	682.608330	0.0854	0.7984	20.4063	675.499113	0.0738	0.2730	20.9094	318.23
15	703.671389	0.0835	0.6203	20.3676	665.766514	0.0785	0.2909	20.5945	317.98
epoch_best_accuracy = 10
epoch_best_loss = 0
