device = device(type='cuda')
Epoch	train_loss	train_err[0]	train_err[1]	train_err[2]	test_loss	test_err[0]	test_err[1]	test_err[2]	time
/home/sayko/.local/lib/python3.8/site-packages/scipy/optimize/minpack.py:833: OptimizeWarning: Covariance of the parameters could not be estimated
  warnings.warn('Covariance of the parameters could not be estimated',
1	0.020699	2.2184	1.5593	6.1696	0.009264	0.8543	0.9301	0.7099	205.26
2	0.008671	0.5273	1.4457	2.1601	0.007440	0.6427	0.4124	1.1845	206.46
3	0.007406	0.5421	2.0397	0.7876	0.006484	0.2998	0.4088	0.7185	207.20
4	0.006938	0.4433	0.6530	0.7670	0.006124	0.6445	0.4279	0.8240	208.11
5	0.006332	0.4717	0.4474	0.6678	0.005850	0.6916	0.9922	0.5528	209.15
6	0.006090	0.5138	0.9440	0.6354	0.006351	0.2530	0.4007	0.5796	209.18
7	0.005928	0.6389	0.5176	0.6248	0.005600	0.2656	0.4482	0.5620	210.46
8	0.005841	0.4591	0.4330	0.6096	0.005915	0.4072	0.5866	0.5372	209.26
9	0.005790	0.3743	0.5771	0.6304	0.005078	0.7610	0.4408	0.4569	210.48
10	0.005735	0.4206	0.4354	0.5911	0.005323	0.4054	0.5068	0.5673	210.99
epoch_best_accuracy = 6
epoch_best_loss = 9
