device = device(type='cuda')
Epoch	train_loss	train_err[0]	train_err[1]	train_err[2]	test_loss	test_err[0]	test_err[1]	test_err[2]	time
/home/sayko/.local/lib/python3.8/site-packages/scipy/optimize/minpack.py:833: OptimizeWarning: Covariance of the parameters could not be estimated
  warnings.warn('Covariance of the parameters could not be estimated',
1	0.020817	1.3286	1.2982	3.1249	0.007917	8.7389	0.4002	1.1650	202.05
2	0.008147	0.5809	1.7346	1.3291	0.006982	0.3251	0.4149	0.9716	204.44
3	0.007193	0.4443	0.4673	0.8167	0.006748	1.0275	0.8157	0.6019	205.79
4	0.006776	0.5750	0.6287	1.3312	0.006368	0.4076	0.8159	0.5986	206.67
5	0.006359	0.4332	0.4988	1.3772	0.006007	0.7457	0.4484	0.5354	207.90
6	0.006217	0.7673	0.5685	1.8081	0.005977	0.5252	2.4813	0.5244	207.39
7	0.005971	0.4441	0.8294	0.6311	0.005951	0.3644	0.8939	0.4837	207.31
8	0.005906	0.6258	0.5621	0.7205	0.005691	0.3030	0.6707	0.5142	205.93
9	0.005794	0.4211	0.4829	0.9473	0.005529	0.2937	0.3386	0.5803	205.23
10	0.005750	0.4043	0.5322	0.6069	0.005546	0.4584	0.5591	0.4777	203.48
11	0.005694	0.3735	0.4766	0.5845	0.005554	0.4689	0.9866	0.5777	204.23
12	0.005679	0.4250	0.4823	0.5872	0.006113	0.2845	0.3200	0.5655	206.04
13	0.005606	0.3616	0.4336	0.5862	0.006573	0.4778	0.2729	0.9464	207.39
14	0.005432	0.4161	0.6622	0.5674	0.005410	0.6239	0.6416	0.5057	208.37
15	0.005555	0.3208	0.8294	0.5967	0.005292	0.3065	0.2675	0.4911	207.58
16	0.005442	0.3670	0.4139	0.5669	0.005529	0.3990	0.3403	0.7176	208.49
17	0.005382	0.3914	0.4035	0.5583	0.005840	0.4521	1.4076	1.0366	207.99
18	0.005445	0.7143	0.8983	0.5601	0.005408	0.4188	0.4100	0.4868	207.88
19	0.005505	0.3361	0.5995	0.5689	0.005361	0.2924	0.3110	0.6925	207.90
20	0.005436	0.3296	0.3941	0.5518	0.005103	0.5073	0.3587	0.4749	207.84
epoch_best_accuracy = 9
epoch_best_loss = 20
