device = device(type='cuda', index=0)
Epoch	train_loss	Bg Train Error	test_loss	Bg Test Error	Bg Exp Data Error	time
0	0.026517	0.1511	0.000141	0.0129	8.0816	354.13
1	0.000580	0.0179	0.000124	0.0119	6.7454	354.34
2	0.000175	0.0128	0.000077	0.0089	6.6348	355.16
3	0.000168	0.0118	0.000074	0.0088	5.9326	355.28
4	0.000108	0.0103	0.000068	0.0082	6.0026	355.70
5	0.000100	0.0098	0.000095	0.0105	5.9649	355.10
6	0.000084	0.0090	0.000094	0.0095	6.5527	355.52
7	0.000084	0.0089	0.000123	0.0105	6.4238	355.13
8	0.000084	0.0089	0.000063	0.0077	5.8322	355.51
9	0.000076	0.0085	0.000069	0.0087	6.5511	368.02
10	0.000069	0.0081	0.000138	0.0110	6.0686	370.19
11	0.000071	0.0081	0.000085	0.0085	6.3540	370.18
12	0.000068	0.0080	0.000070	0.0082	5.9833	370.40
13	0.000069	0.0079	0.000055	0.0068	6.3413	369.86
14	0.000066	0.0078	0.000060	0.0071	6.1904	370.54
15	0.000064	0.0077	0.000056	0.0069	6.2111	369.84
16	0.000065	0.0078	0.000058	0.0071	6.1713	369.79
17	0.000062	0.0075	0.000051	0.0068	6.2117	369.86
18	0.000062	0.0075	0.000062	0.0074	6.2444	370.00
19	0.000063	0.0076	0.000052	0.0067	6.4190	369.49
20	0.000059	0.0073	0.000116	0.0094	6.1684	370.33
21	0.000060	0.0074	0.000055	0.0066	6.1613	370.52
22	0.000061	0.0073	0.000051	0.0066	6.1066	369.20
23	0.000059	0.0073	0.000053	0.0068	6.1068	354.79
24	0.000062	0.0074	0.000052	0.0066	6.0302	355.32
25	0.000061	0.0074	0.000058	0.0077	6.2897	354.52
26	0.000062	0.0073	0.000054	0.0073	6.3400	354.99
27	0.000060	0.0072	0.000052	0.0064	6.0863	354.85
28	0.000056	0.0070	0.000058	0.0072	6.3569	354.50
29	0.000058	0.0072	0.000051	0.0072	6.0162	354.90
30	0.000057	0.0071	0.000047	0.0064	5.7602	354.80
31	0.000058	0.0071	0.000051	0.0066	6.2760	354.64
32	0.000056	0.0070	0.000070	0.0077	6.5178	354.36
33	0.000056	0.0070	0.000047	0.0063	6.2439	354.76
34	0.000057	0.0070	0.000054	0.0070	6.3722	354.74
35	0.000057	0.0070	0.000047	0.0063	6.1436	354.27
36	0.000054	0.0069	0.000046	0.0063	6.4017	354.47
37	0.000056	0.0070	0.000059	0.0077	6.1114	354.71
38	0.000056	0.0069	0.000055	0.0068	6.6058	354.42
39	0.000052	0.0069	0.000046	0.0063	6.1939	354.67
40	0.000058	0.0070	0.000045	0.0063	6.1792	354.82
41	0.000051	0.0067	0.000055	0.0067	6.1388	354.83
42	0.000051	0.0068	0.000056	0.0068	6.1655	354.12
43	0.000052	0.0067	0.000048	0.0064	6.1855	354.87
44	0.000051	0.0067	0.000064	0.0071	6.7015	354.72
45	0.000052	0.0068	0.000054	0.0076	5.9178	354.83
46	0.000051	0.0067	0.000082	0.0090	5.8830	354.53
47	0.000052	0.0067	0.000057	0.0070	6.1419	354.23
48	0.000052	0.0067	0.000046	0.0061	6.1924	354.87
49	0.000050	0.0066	0.000046	0.0068	6.2363	354.54
50	0.000049	0.0066	0.000043	0.0062	6.2447	354.83
51	0.000048	0.0065	0.000048	0.0066	6.2067	354.53
52	0.000051	0.0066	0.000047	0.0062	5.9463	354.44
53	0.000047	0.0065	0.000040	0.0059	6.4642	354.16
54	0.000048	0.0065	0.000045	0.0063	6.2853	354.20
55	0.000047	0.0065	0.000048	0.0066	6.1929	354.66
56	0.000048	0.0065	0.000040	0.0060	6.4672	354.76
57	0.000047	0.0065	0.000042	0.0059	6.7350	354.25
58	0.000047	0.0064	0.000056	0.0075	6.1558	354.28
59	0.000048	0.0064	0.000051	0.0062	6.3828	354.53
60	0.000045	0.0064	0.000043	0.0061	6.1613	354.25
61	0.000047	0.0064	0.000046	0.0062	6.2305	354.59
62	0.000045	0.0064	0.000046	0.0066	6.0312	354.66
63	0.000046	0.0064	0.000041	0.0061	6.2505	354.52
64	0.000046	0.0064	0.000041	0.0063	5.9409	354.61
65	0.000046	0.0064	0.000052	0.0065	6.7416	354.40
66	0.000047	0.0064	0.000042	0.0062	6.2387	354.77
67	0.000047	0.0063	0.000047	0.0064	6.4375	354.83
68	0.000043	0.0062	0.000038	0.0060	6.2048	354.81
69	0.000046	0.0063	0.000040	0.0057	6.4509	354.53
70	0.000045	0.0062	0.000054	0.0066	6.3536	354.11
71	0.000046	0.0063	0.000050	0.0071	6.3321	354.78
72	0.000045	0.0062	0.000042	0.0058	6.2023	354.37
73	0.000046	0.0063	0.000040	0.0058	6.2468	354.17
74	0.000045	0.0062	0.000051	0.0065	6.3940	354.53
75	0.000045	0.0062	0.000041	0.0061	6.1611	354.45
76	0.000043	0.0061	0.000041	0.0058	6.0550	354.93
77	0.000045	0.0061	0.000060	0.0076	5.9549	354.37
78	0.000042	0.0060	0.000037	0.0055	6.3997	354.84
79	0.000042	0.0061	0.000037	0.0059	6.0065	354.31
80	0.000042	0.0061	0.000043	0.0059	6.2657	355.20
81	0.000044	0.0061	0.000050	0.0067	6.0777	354.83
82	0.000042	0.0060	0.000040	0.0059	6.1288	354.78
83	0.000042	0.0060	0.000041	0.0058	6.2213	354.87
84	0.000043	0.0060	0.000042	0.0058	6.5678	354.94
85	0.000042	0.0060	0.000037	0.0056	6.5903	354.92
86	0.000042	0.0060	0.000038	0.0056	6.3405	354.65
87	0.000041	0.0059	0.000038	0.0056	6.3958	354.54
88	0.000041	0.0059	0.000042	0.0058	6.3850	354.17
89	0.000042	0.0060	0.000038	0.0062	5.9982	354.46
90	0.000040	0.0059	0.000042	0.0062	6.1002	354.80
91	0.000043	0.0060	0.000036	0.0055	6.0767	355.10
92	0.000038	0.0058	0.000038	0.0056	6.0969	354.58
93	0.000040	0.0059	0.000042	0.0059	6.2024	354.74
94	0.000040	0.0058	0.000037	0.0052	6.2064	354.77
95	0.000038	0.0058	0.000034	0.0055	5.7584	354.69
96	0.000038	0.0058	0.000055	0.0068	6.0997	354.73
97	0.000039	0.0058	0.000038	0.0056	5.9364	354.74
98	0.000040	0.0058	0.000031	0.0051	6.0727	355.18
99	0.000036	0.0056	0.000051	0.0070	5.8542	354.44
100	0.000036	0.0056	0.000033	0.0052	6.0393	354.91
101	0.000037	0.0057	0.000034	0.0055	5.9022	354.96
102	0.000037	0.0057	0.000031	0.0053	5.5977	354.80
103	0.000036	0.0057	0.000034	0.0053	6.2163	354.38
104	0.000034	0.0056	0.000033	0.0056	5.7394	354.61
105	0.000033	0.0056	0.000032	0.0053	5.7458	354.83
106	0.000033	0.0055	0.000033	0.0054	5.6536	354.68
107	0.000033	0.0055	0.000038	0.0061	5.9816	354.67
108	0.000032	0.0054	0.000041	0.0063	5.5438	354.45
109	0.000032	0.0054	0.000034	0.0053	5.7352	354.41
110	0.000031	0.0053	0.000056	0.0069	5.2889	354.20
111	0.000031	0.0054	0.000024	0.0047	5.6268	354.50
112	0.000029	0.0052	0.000026	0.0053	4.9027	354.67
113	0.000029	0.0053	0.000028	0.0051	5.4152	354.41
114	0.000029	0.0052	0.000022	0.0046	5.0849	354.51
115	0.000027	0.0051	0.000025	0.0048	5.0442	354.41
116	0.000026	0.0050	0.000029	0.0053	5.3655	354.50
117	0.000027	0.0051	0.000023	0.0046	5.1307	354.38
118	0.000028	0.0051	0.000022	0.0046	4.7174	354.51
119	0.000026	0.0049	0.000026	0.0046	5.2243	354.83
120	0.000026	0.0050	0.000024	0.0048	4.9434	354.75
121	0.000025	0.0049	0.000025	0.0049	4.9600	354.49
122	0.000026	0.0049	0.000024	0.0052	4.7367	354.50
123	0.000024	0.0049	0.000030	0.0056	4.5425	354.27
124	0.000025	0.0049	0.000034	0.0059	4.4610	354.26
125	0.000024	0.0048	0.000019	0.0043	4.6238	354.93
126	0.000024	0.0048	0.000026	0.0052	4.7235	355.07
127	0.000024	0.0048	0.000039	0.0061	4.6037	354.62
128	0.000024	0.0048	0.000026	0.0051	4.6016	354.61
129	0.000023	0.0047	0.000019	0.0041	4.6303	354.57
130	0.000024	0.0047	0.000034	0.0056	4.6537	354.64
131	0.000023	0.0047	0.000021	0.0043	4.7079	354.64
132	0.000023	0.0047	0.000019	0.0047	4.1615	354.78
133	0.000023	0.0047	0.000018	0.0044	4.6914	354.78
134	0.000021	0.0046	0.000020	0.0044	4.3506	354.49
135	0.000022	0.0046	0.000022	0.0046	4.6022	354.78
136	0.000021	0.0045	0.000017	0.0041	4.3581	354.96
137	0.000021	0.0045	0.000033	0.0055	4.2735	355.08
138	0.000020	0.0044	0.000017	0.0040	3.8289	354.84
139	0.000021	0.0045	0.000017	0.0040	4.3047	354.95
140	0.000021	0.0045	0.000017	0.0041	4.1578	355.06
141	0.000021	0.0045	0.000017	0.0040	3.9648	355.34
142	0.000021	0.0044	0.000021	0.0047	4.0724	354.85
143	0.000021	0.0044	0.000018	0.0040	3.7497	355.22
144	0.000020	0.0044	0.000025	0.0045	3.6717	355.05
145	0.000019	0.0043	0.000019	0.0043	3.8661	355.25
146	0.000020	0.0043	0.000017	0.0041	4.2250	354.98
147	0.000020	0.0043	0.000022	0.0041	4.4031	354.75
148	0.000020	0.0043	0.000016	0.0037	3.7400	354.83
149	0.000020	0.0044	0.000022	0.0044	4.3505	354.57
150	0.000020	0.0044	0.000018	0.0041	4.2061	354.90
151	0.000020	0.0043	0.000017	0.0040	3.9775	354.82
152	0.000020	0.0043	0.000019	0.0043	3.6310	354.95
153	0.000019	0.0043	0.000021	0.0047	3.5602	354.88
154	0.000020	0.0043	0.000017	0.0037	3.7145	354.78
155	0.000061	0.0047	0.000022	0.0047	3.8079	355.21
156	0.000019	0.0043	0.000016	0.0039	4.1372	354.81
157	0.000020	0.0043	0.000027	0.0054	3.5921	354.48
158	0.000020	0.0043	0.000021	0.0047	3.1354	354.44
159	0.000019	0.0042	0.000020	0.0046	3.7426	354.16
160	0.000019	0.0043	0.000023	0.0045	4.1373	354.50
161	0.000018	0.0041	0.000016	0.0038	3.8449	354.30
162	0.000020	0.0042	0.000019	0.0041	3.7402	354.48
163	0.000019	0.0042	0.000018	0.0042	4.0661	354.79
164	0.000019	0.0043	0.000015	0.0035	3.6787	354.78
165	0.000018	0.0042	0.000016	0.0038	3.5594	354.64
166	0.000018	0.0042	0.000020	0.0044	4.0206	354.88
167	0.000018	0.0041	0.000016	0.0039	3.7999	354.88
168	0.000020	0.0042	0.000018	0.0042	3.8793	354.71
169	0.000019	0.0042	0.000017	0.0038	3.7487	354.36
170	0.000019	0.0041	0.000015	0.0037	4.0499	354.61
171	0.000018	0.0041	0.000016	0.0040	4.0851	354.20
172	0.000018	0.0041	0.000017	0.0039	3.7482	354.55
173	0.000018	0.0041	0.000016	0.0039	4.2090	354.76
174	0.000018	0.0041	0.000016	0.0037	3.8080	354.69
175	0.000017	0.0041	0.000024	0.0045	3.8600	354.43
176	0.000018	0.0041	0.000016	0.0036	3.7889	354.61
177	0.000017	0.0040	0.000040	0.0062	3.8492	354.65
178	0.000018	0.0041	0.000018	0.0041	4.1675	355.05
179	0.000017	0.0040	0.000013	0.0034	3.8743	354.80
180	0.000029	0.0043	0.000017	0.0039	3.5200	354.13
181	0.000017	0.0040	0.000013	0.0038	3.3948	354.66
182	0.000018	0.0041	0.000016	0.0040	4.0153	354.44
183	0.000017	0.0040	0.000019	0.0042	3.4283	354.16
184	0.000017	0.0040	0.000015	0.0035	3.7601	354.51
185	0.000017	0.0039	0.000017	0.0041	3.8295	354.63
186	0.000017	0.0040	0.000015	0.0037	3.7021	354.84
187	0.000017	0.0039	0.000022	0.0048	3.8651	354.49
188	0.000018	0.0040	0.000016	0.0038	4.1021	354.77
189	0.000017	0.0040	0.000016	0.0038	3.9343	354.18
190	0.000017	0.0039	0.000018	0.0041	3.6291	354.42
191	0.000016	0.0039	0.000016	0.0037	3.8380	354.74
192	0.000018	0.0039	0.000014	0.0035	4.0104	354.56
193	0.000034	0.0042	0.000013	0.0034	3.8064	354.66
194	0.000016	0.0039	0.000016	0.0036	3.0179	354.63
195	0.000017	0.0039	0.000014	0.0036	3.8056	354.35
196	0.000017	0.0039	0.000013	0.0034	3.7672	354.79
197	0.000016	0.0039	0.000016	0.0038	4.0121	354.49
198	0.000016	0.0038	0.000015	0.0038	3.7492	354.43
199	0.000017	0.0039	0.000018	0.0044	3.7203	354.69
200	0.000016	0.0038	0.000024	0.0048	3.4368	354.09
201	0.000016	0.0039	0.000014	0.0037	3.3454	354.78
202	0.000016	0.0038	0.000014	0.0036	3.8474	354.46
203	0.000017	0.0038	0.000014	0.0037	3.2599	354.57
204	0.000016	0.0038	0.000022	0.0050	3.7367	354.92
205	0.000017	0.0039	0.000015	0.0036	3.8597	354.83
206	0.000016	0.0038	0.000016	0.0041	3.4714	354.27
207	0.000017	0.0038	0.000029	0.0052	3.6974	354.14
208	0.000016	0.0038	0.000013	0.0033	3.3505	354.55
209	0.000015	0.0038	0.000015	0.0038	3.6124	354.49
210	0.000016	0.0038	0.000017	0.0040	3.4492	354.27
211	0.000015	0.0037	0.000015	0.0038	3.3104	354.56
212	0.000017	0.0038	0.000018	0.0041	3.6317	354.86
213	0.000017	0.0038	0.000017	0.0040	3.4503	354.11
214	0.000016	0.0038	0.000016	0.0040	4.5408	354.45
215	0.000016	0.0038	0.000018	0.0038	3.4145	354.41
216	0.000015	0.0037	0.000013	0.0035	3.4256	354.38
217	0.000016	0.0038	0.000014	0.0036	3.6544	354.76
218	0.000016	0.0038	0.000013	0.0034	3.7757	354.91
219	0.000016	0.0038	0.000013	0.0033	3.6601	354.63
220	0.000016	0.0037	0.000021	0.0047	3.9874	354.76
221	0.000016	0.0037	0.000014	0.0036	3.7833	354.81
222	0.000016	0.0038	0.000014	0.0033	3.8790	354.58
223	0.000016	0.0038	0.000014	0.0035	3.4957	354.64
224	0.000016	0.0038	0.000013	0.0035	3.1752	354.73
225	0.000016	0.0037	0.000018	0.0038	3.3297	354.68
226	0.000015	0.0038	0.000019	0.0040	3.6873	354.42
227	0.000016	0.0038	0.000015	0.0037	3.6465	354.80
228	0.000016	0.0037	0.000015	0.0036	3.1724	354.43
229	0.000015	0.0037	0.000013	0.0032	3.2685	354.89
230	0.000015	0.0037	0.000013	0.0034	3.6463	355.14
231	0.000016	0.0037	0.000016	0.0037	3.6607	355.02
232	0.000015	0.0036	0.000015	0.0036	3.6989	355.17
233	0.000015	0.0037	0.000013	0.0034	3.1328	354.91
234	0.000015	0.0037	0.000014	0.0034	3.0814	355.10
235	0.000016	0.0037	0.000016	0.0038	3.2210	354.72
236	0.000016	0.0037	0.000014	0.0036	3.4807	354.51
237	0.000015	0.0037	0.000016	0.0037	3.1297	354.29
238	0.000015	0.0037	0.000018	0.0042	3.4634	354.88
239	0.000014	0.0036	0.000011	0.0030	3.1811	354.58
240	0.000014	0.0036	0.000012	0.0032	3.0361	354.65
241	0.000015	0.0037	0.000012	0.0032	3.3345	354.69
242	0.000014	0.0036	0.000015	0.0039	3.7917	354.56
243	0.000016	0.0037	0.000014	0.0032	3.4616	354.53
244	0.000016	0.0037	0.000014	0.0034	3.2786	354.58
245	0.000015	0.0037	0.000015	0.0036	3.5896	354.61
246	0.000015	0.0037	0.000015	0.0036	3.7271	354.53
247	0.000016	0.0037	0.000013	0.0034	3.1735	354.96
248	0.000015	0.0036	0.000012	0.0031	3.4080	354.76
249	0.000015	0.0036	0.000013	0.0034	3.7435	354.88
250	0.000016	0.0036	0.000014	0.0035	2.9407	355.11
251	0.000015	0.0036	0.000020	0.0048	3.6923	354.42
252	0.000015	0.0036	0.000011	0.0030	3.7098	354.66
253	0.000015	0.0036	0.000016	0.0035	3.4124	354.40
254	0.000015	0.0036	0.000012	0.0031	2.9733	354.55
255	0.000014	0.0036	0.000013	0.0032	3.6503	354.65
256	0.000015	0.0036	0.000013	0.0031	3.0605	354.47
257	0.000014	0.0036	0.000016	0.0040	3.1248	354.79
258	0.000015	0.0037	0.000018	0.0035	3.3866	354.90
259	0.000016	0.0037	0.000015	0.0034	3.4315	354.67
260	0.000015	0.0037	0.000013	0.0033	3.3393	354.93
261	0.000014	0.0035	0.000017	0.0037	2.9186	354.73
262	0.000014	0.0036	0.000012	0.0033	3.2440	355.06
263	0.000016	0.0036	0.000015	0.0038	2.9850	354.73
264	0.000015	0.0036	0.000011	0.0031	3.3045	355.07
265	0.000014	0.0035	0.000015	0.0040	3.2992	354.82
266	0.000014	0.0036	0.000014	0.0034	3.3558	355.01
267	0.000014	0.0036	0.000015	0.0035	3.3031	354.62
268	0.000014	0.0036	0.000015	0.0039	3.5701	354.71
269	0.000014	0.0035	0.000013	0.0034	3.1069	355.04
270	0.000014	0.0035	0.000014	0.0034	3.2408	355.02
271	0.000015	0.0036	0.000014	0.0032	3.4180	354.88
272	0.000014	0.0035	0.000012	0.0032	3.2706	354.97
273	0.000015	0.0035	0.000016	0.0040	3.2931	354.62
274	0.000014	0.0035	0.000013	0.0037	3.4465	354.61
275	0.000013	0.0035	0.000012	0.0032	3.6656	354.89
276	0.000014	0.0035	0.000012	0.0031	2.9821	355.11
277	0.000014	0.0035	0.000012	0.0032	3.4871	355.17
278	0.000020	0.0037	0.000015	0.0039	3.0521	354.93
279	0.000015	0.0035	0.000012	0.0030	3.6651	355.24
280	0.000014	0.0035	0.000021	0.0045	3.3968	355.08
281	0.000015	0.0036	0.000015	0.0033	3.9627	354.73
282	0.000014	0.0035	0.000012	0.0032	3.3510	355.02
283	0.000014	0.0035	0.000013	0.0034	3.7753	354.90
284	0.000014	0.0035	0.000012	0.0031	3.5357	355.30
285	0.000014	0.0035	0.000014	0.0037	2.8006	355.07
286	0.000014	0.0035	0.000012	0.0033	3.3619	355.04
287	0.000015	0.0036	0.000014	0.0036	3.1569	354.89
288	0.000014	0.0035	0.000014	0.0034	3.2955	354.99
289	0.000014	0.0035	0.000013	0.0033	2.9422	354.81
290	0.000013	0.0034	0.000014	0.0035	3.1150	354.99
291	0.000013	0.0034	0.000012	0.0030	3.5702	355.04
292	0.000014	0.0035	0.000018	0.0045	3.4145	354.83
293	0.000014	0.0035	0.000012	0.0035	3.3320	354.83
294	0.000015	0.0035	0.000012	0.0032	2.7906	354.98
295	0.000013	0.0034	0.000018	0.0042	3.3590	354.95
296	0.000013	0.0034	0.000012	0.0031	3.2984	355.16
297	0.000013	0.0034	0.000014	0.0033	3.1663	354.93
298	0.000015	0.0035	0.000015	0.0034	2.9430	355.41
299	0.000014	0.0035	0.000012	0.0034	3.1403	354.73
epoch_best_accuracy = 292
epoch_best_loss = 240
